64.3 163.10 0
65.5 201.47 0
66.7 154.26 0
66.9 140.29 0
67.5 200.29 0
67.7 250.00 0
68.0 154.26 0
68.2 125.64 0
70.2 182.87 0
71.9 211.67 0
71.9 214.11 0
71.9 224.41 0
70.7 158.26 0
70.7 135.45 0
71.3 163.10 0
72.0 175.49 0
76.5 219.38 0
77.6 250.00 0
78.7 168.04 0
78.8 124.56 0.06
90.6 170.15 0.96
93.8 201.47 2.11
94.7 231.44 4.04
94.8 250.00 6.54
110.5 235.01 9.18
113.1 227.59 13.40
113.9 135.90 16.29
114.3 106.25 20.19
132.2 213.81 28.80
145.4 250.00 34.78
145.2 221.25 31.62
145.1 204.14 39.61
154.1 246.62 46.08
157.4 250.00 53.66
156.5 179.02 36.29
155.5 144.06 49.64
144.0 197.36 76.96
142.2 227.91 66.81
142.1 215.96 55.57
142.1 218.44 88.62
125.3 212.28 87.02
118.9 210.15 54.04
116.9 153.76 63.44
115.9 124.77 101.59
115.4 90.46 104.11
115.0 57.35 90.68
124.1 96.22 91.85
127.1 114.66 66.78
130.2 94.39 77.14
131.6 86.98 63.76
140.7 69.47 75.46
141.8 55.77 110.46
143.9 74.36 70.57
145.5 83.41 103.15
145.5 50.33 72.79
145.6 37.21 67.41
144.7 9.10 28.94
144.4 1.34 23.89
145.2 19.54 19.75
145.3 33.06 31.53
149.6 2.02 40.48
150.3 0.00 63.95
150.1 10.47 59.41
150.0 16.35 50.76
203.5 21.07 41.64
207.2 27.11 23.39
207.0 43.75 24.86
206.9 53.45 20.60
215.5 19.61 17.40
223.9 9.95 15.06
225.0 72.19 13.59
225.5 120.28 22.08
233.9 81.91 18.20
237.5 76.88 12.15
236.6 62.81 5.37
236.1 56.82 2.07
215.4 34.90 0.00
211.0 23.98 0.00
210.9 25.11 0
210.8 23.43 0
198.0 58.69 0
197.9 93.67 0
198.5 93.49 0
198.6 99.55 0
180.8 56.82 0
177.2 26.01 0
177.8 16.74 0
177.9 6.97 0
161.5 18.98 0
147.3 23.12 0
147.2 44.43 0
147.2 55.64 0
117.2 92.41 0
107.5 109.01 0
62.0 73.42 0
58.7 63.80 0
